0.000165
0.000359
0.000627
0.000870
0.000951
0.000712
0.000030
-0.001121
-0.002625
-0.004212
-0.005510
-0.006143
-0.005855
-0.004614
-0.002667
-0.000493
0.001326
0.002292
0.002162
0.001057
-0.000568
-0.002066
-0.002829
-0.002523
-0.001222
0.000592
0.002209
0.002961
0.002496
0.000945
-0.001106
-0.002822
-0.003457
-0.002671
-0.000697
0.001709
0.003557
0.004019
0.002796
0.000286
-0.002535
-0.004485
-0.004659
-0.002844
0.000336
0.003626
0.005619
0.005353
0.002759
-0.001239
-0.005033
-0.006972
-0.006061
-0.002448
0.002540
0.006867
0.008602
0.006759
0.001807
-0.004399
-0.009284
-0.010598
-0.007413
-0.000653
0.007112
0.012606
0.013176
0.008005
-0.001331
-0.011259
-0.017500
-0.016806
-0.008492
0.004932
0.018353
0.025827
0.022931
0.008859
-0.012590
-0.033648
-0.044785
-0.037847
-0.009091
0.038952
0.097543
0.153831
0.194397
0.209163
0.194397
0.153831
0.097543
0.038952
-0.009091
-0.037847
-0.044785
-0.033648
-0.012590
0.008859
0.022931
0.025827
0.018353
0.004932
-0.008492
-0.016806
-0.017500
-0.011259
-0.001331
0.008005
0.013176
0.012606
0.007112
-0.000653
-0.007413
-0.010598
-0.009284
-0.004399
0.001807
0.006759
0.008602
0.006867
0.002540
-0.002448
-0.006061
-0.006972
-0.005033
-0.001239
0.002759
0.005353
0.005619
0.003626
0.000336
-0.002844
-0.004659
-0.004485
-0.002535
0.000286
0.002796
0.004019
0.003557
0.001709
-0.000697
-0.002671
-0.003457
-0.002822
-0.001106
0.000945
0.002496
0.002961
0.002209
0.000592
-0.001222
-0.002523
-0.002829
-0.002066
-0.000568
0.001057
0.002162
0.002292
0.001326
-0.000493
-0.002667
-0.004614
-0.005855
-0.006143
-0.005510
-0.004212
-0.002625
-0.001121
0.000030
0.000712
0.000951
0.000870
0.000627
0.000359
0.000165
